2019,1546268400
2019,1546354800
2019,1546441200
2019,1546614000
2019,1546700400
2019,1547218800
2019,1547305200
2019,1547391600
2019,1547823600
2019,1547910000
2019,1548428400
2019,1548514800
2019,1549033200
2019,1549119600
2019,1549638000
2019,1549724400
2019,1549810800
2019,1550242800
2019,1550329200
2019,1550847600
2019,1550934000
2019,1551452400
2019,1551538800
2019,1552057200
2019,1552143600
2019,1552662000
2019,1552748400
2019,1553094000
2019,1553266800
2019,1553353200
2019,1553871600
2019,1553958000
2019,1554476400
2019,1554562800
2019,1555081200
2019,1555167600
2019,1555686000
2019,1555772400
2019,1556290800
2019,1556377200
2019,1556463600
2019,1556550000
2019,1556636400
2019,1556722800
2019,1556809200
2019,1556895600
2019,1556982000
2019,1557068400
2019,1557500400
2019,1557586800
2019,1558105200
2019,1558191600
2019,1558710000
2019,1558796400
2019,1559314800
2019,1559401200
2019,1559919600
2019,1560006000
2019,1560524400
2019,1560610800
2019,1561129200
2019,1561215600
2019,1561734000
2019,1561820400
2019,1562338800
2019,1562425200
2019,1562943600
2019,1563030000
2019,1563116400
2019,1563548400
2019,1563634800
2019,1564153200
2019,1564239600
2019,1564758000
2019,1564844400
2019,1565362800
2019,1565449200
2019,1565535600
2019,1565967600
2019,1566054000
2019,1566572400
2019,1566658800
2019,1567177200
2019,1567263600
2019,1567782000
2019,1567868400
2019,1568386800
2019,1568473200
2019,1568559600
2019,1568991600
2019,1569078000
2019,1569164400
2019,1569596400
2019,1569682800
2019,1570201200
2019,1570287600
2019,1570806000
2019,1570892400
2019,1570978800
2019,1571410800
2019,1571497200
2019,1571670000
2019,1572015600
2019,1572102000
2019,1572620400
2019,1572706800
2019,1572793200
2019,1573225200
2019,1573311600
2019,1573830000
2019,1573916400
2019,1574434800
2019,1574521200
2019,1575039600
2019,1575126000
2019,1575644400
2019,1575730800
2019,1576249200
2019,1576335600
2019,1576854000
2019,1576940400
2019,1577458800
2019,1577545200
2019,1577718000
