2020,1577804400
2020,1577890800
2020,1577977200
2020,1578063600
2020,1578150000
2020,1578668400
2020,1578754800
2020,1578841200
2020,1579273200
2020,1579359600
2020,1579878000
2020,1579964400
2020,1580482800
2020,1580569200
2020,1581087600
2020,1581174000
2020,1581346800
2020,1581692400
2020,1581778800
2020,1582297200
2020,1582383600
2020,1582470000
2020,1582902000
2020,1582988400
2020,1583506800
2020,1583593200
2020,1584111600
2020,1584198000
2020,1584630000
2020,1584716400
2020,1584802800
2020,1585321200
2020,1585407600
2020,1585926000
2020,1586012400
2020,1586530800
2020,1586617200
2020,1587135600
2020,1587222000
2020,1587740400
2020,1587826800
2020,1588086000
2020,1588345200
2020,1588431600
2020,1588518000
2020,1588604400
2020,1588690800
2020,1588950000
2020,1589036400
2020,1589554800
2020,1589641200
2020,1590159600
2020,1590246000
2020,1590764400
2020,1590850800
2020,1591369200
2020,1591455600
2020,1591974000
2020,1592060400
2020,1592578800
2020,1592665200
2020,1593183600
2020,1593270000
2020,1593788400
2020,1593874800
2020,1594393200
2020,1594479600
2020,1594998000
2020,1595084400
2020,1595430000
2020,1595516400
2020,1595602800
2020,1595689200
2020,1596207600
2020,1596294000
2020,1596812400
2020,1596898800
2020,1596985200
2020,1597417200
2020,1597503600
2020,1598022000
2020,1598108400
2020,1598626800
2020,1598713200
2020,1599231600
2020,1599318000
2020,1599836400
2020,1599922800
2020,1600441200
2020,1600527600
2020,1600614000
2020,1600700400
2020,1601046000
2020,1601132400
2020,1601650800
2020,1601737200
2020,1602255600
2020,1602342000
2020,1602860400
2020,1602946800
2020,1603465200
2020,1603551600
2020,1604070000
2020,1604156400
2020,1604329200
2020,1604674800
2020,1604761200
2020,1605279600
2020,1605366000
2020,1605884400
2020,1605970800
2020,1606057200
2020,1606489200
2020,1606575600
2020,1607094000
2020,1607180400
2020,1607698800
2020,1607785200
2020,1608303600
2020,1608390000
2020,1608908400
2020,1608994800
2020,1609340400
