2021,1609426800
2021,1609513200
2021,1609599600
2021,1610118000
2021,1610204400
2021,1610290800
2021,1610722800
2021,1610809200
2021,1611327600
2021,1611414000
2021,1611932400
2021,1612018800
2021,1612537200
2021,1612623600
2021,1612969200
2021,1613142000
2021,1613228400
2021,1613746800
2021,1613833200
2021,1614006000
2021,1614351600
2021,1614438000
2021,1614956400
2021,1615042800
2021,1615561200
2021,1615647600
2021,1616166000
2021,1616252400
2021,1616770800
2021,1616857200
2021,1617375600
2021,1617462000
2021,1617980400
2021,1618066800
2021,1618585200
2021,1618671600
2021,1619190000
2021,1619276400
2021,1619622000
2021,1619794800
2021,1619881200
2021,1619967600
2021,1620054000
2021,1620140400
2021,1620399600
2021,1620486000
2021,1621004400
2021,1621090800
2021,1621609200
2021,1621695600
2021,1622214000
2021,1622300400
2021,1622818800
2021,1622905200
2021,1623423600
2021,1623510000
2021,1624028400
2021,1624114800
2021,1624633200
2021,1624719600
2021,1625238000
2021,1625324400
2021,1625842800
2021,1625929200
2021,1626447600
2021,1626534000
2021,1626620400
2021,1627052400
2021,1627138800
2021,1627657200
2021,1627743600
2021,1628262000
2021,1628348400
2021,1628607600
2021,1628866800
2021,1628953200
2021,1629471600
2021,1629558000
2021,1630076400
2021,1630162800
2021,1630681200
2021,1630767600
2021,1631286000
2021,1631372400
2021,1631890800
2021,1631977200
2021,1632063600
2021,1632322800
2021,1632495600
2021,1632582000
2021,1633100400
2021,1633186800
2021,1633705200
2021,1633791600
2021,1633878000
2021,1634310000
2021,1634396400
2021,1634914800
2021,1635001200
2021,1635519600
2021,1635606000
2021,1635865200
2021,1636124400
2021,1636210800
2021,1636729200
2021,1636815600
2021,1637334000
2021,1637420400
2021,1637593200
2021,1637938800
2021,1638025200
2021,1638543600
2021,1638630000
2021,1639148400
2021,1639234800
2021,1639753200
2021,1639839600
2021,1640358000
2021,1640444400
2021,1640876400
