2022,1640962800
2022,1641049200
2022,1641135600
2022,1641567600
2022,1641654000
2022,1641740400
2022,1642172400
2022,1642258800
2022,1642777200
2022,1642863600
2022,1643382000
2022,1643468400
2022,1643986800
2022,1644073200
2022,1644505200
2022,1644591600
2022,1644678000
2022,1645196400
2022,1645282800
2022,1645542000
2022,1645801200
2022,1645887600
2022,1646406000
2022,1646492400
2022,1647010800
2022,1647097200
2022,1647615600
2022,1647702000
2022,1647788400
2022,1648220400
2022,1648306800
2022,1648825200
2022,1648911600
2022,1649430000
2022,1649516400
2022,1650034800
2022,1650121200
2022,1650639600
2022,1650726000
2022,1651158000
2022,1651244400
2022,1651330800
2022,1651503600
2022,1651590000
2022,1651676400
2022,1651849200
2022,1651935600
2022,1652454000
2022,1652540400
2022,1653058800
2022,1653145200
2022,1653663600
2022,1653750000
2022,1654268400
2022,1654354800
2022,1654873200
2022,1654959600
2022,1655478000
2022,1655564400
2022,1656082800
2022,1656169200
2022,1656687600
2022,1656774000
2022,1657292400
2022,1657378800
2022,1657897200
2022,1657983600
2022,1658070000
2022,1658502000
2022,1658588400
2022,1659106800
2022,1659193200
2022,1659711600
2022,1659798000
2022,1660143600
2022,1660316400
2022,1660402800
2022,1660921200
2022,1661007600
2022,1661526000
2022,1661612400
2022,1662130800
2022,1662217200
2022,1662735600
2022,1662822000
2022,1663340400
2022,1663426800
2022,1663513200
2022,1663858800
2022,1663945200
2022,1664031600
2022,1664550000
2022,1664636400
2022,1665154800
2022,1665241200
2022,1665327600
2022,1665759600
2022,1665846000
2022,1666364400
2022,1666450800
2022,1666969200
2022,1667055600
2022,1667401200
2022,1667574000
2022,1667660400
2022,1668178800
2022,1668265200
2022,1668783600
2022,1668870000
2022,1669129200
2022,1669388400
2022,1669474800
2022,1669993200
2022,1670079600
2022,1670598000
2022,1670684400
2022,1671202800
2022,1671289200
2022,1671807600
2022,1671894000
2022,1672412400
