2023,1672498800
2023,1672585200
2023,1672671600
2023,1673017200
2023,1673103600
2023,1673190000
2023,1673622000
2023,1673708400
2023,1674226800
2023,1674313200
2023,1674831600
2023,1674918000
2023,1675436400
2023,1675522800
2023,1676041200
2023,1676127600
2023,1676646000
2023,1676732400
2023,1677078000
2023,1677250800
2023,1677337200
2023,1677855600
2023,1677942000
2023,1678460400
2023,1678546800
2023,1679065200
2023,1679151600
2023,1679324400
2023,1679670000
2023,1679756400
2023,1680274800
2023,1680361200
2023,1680879600
2023,1680966000
2023,1681484400
2023,1681570800
2023,1682089200
2023,1682175600
2023,1682694000
2023,1682780400
2023,1683039600
2023,1683126000
2023,1683212400
2023,1683298800
2023,1683385200
2023,1683903600
2023,1683990000
2023,1684508400
2023,1684594800
2023,1685113200
2023,1685199600
2023,1685718000
2023,1685804400
2023,1686322800
2023,1686409200
2023,1686927600
2023,1687014000
2023,1687532400
2023,1687618800
2023,1688137200
2023,1688223600
2023,1688742000
2023,1688828400
2023,1689346800
2023,1689433200
2023,1689519600
2023,1689951600
2023,1690038000
2023,1690556400
2023,1690642800
2023,1691161200
2023,1691247600
2023,1691679600
2023,1691766000
2023,1691852400
2023,1692370800
2023,1692457200
2023,1692975600
2023,1693062000
2023,1693580400
2023,1693666800
2023,1694185200
2023,1694271600
2023,1694790000
2023,1694876400
2023,1694962800
2023,1695394800
2023,1695481200
2023,1695999600
2023,1696086000
2023,1696604400
2023,1696690800
2023,1696777200
2023,1697209200
2023,1697295600
2023,1697814000
2023,1697900400
2023,1698418800
2023,1698505200
2023,1698937200
2023,1699023600
2023,1699110000
2023,1699628400
2023,1699714800
2023,1700233200
2023,1700319600
2023,1700665200
2023,1700838000
2023,1700924400
2023,1701442800
2023,1701529200
2023,1702047600
2023,1702134000
2023,1702652400
2023,1702738800
2023,1703257200
2023,1703343600
2023,1703862000
2023,1703948400
